34895860
34385227
34432115
34642179
34653393
34495494
34794190
34688373
34559859
34895203
34611920
34642461
34444657
34851962
34956436
34009257
34532852
34721294
34559423
34767026
34259389
34706925
34353582
34571969
34437922
34959865
34496783
34680150
34656244
34652111
34916492
34919214
34392831
34754179
34717701
35526920
34827621
34355266
34385978
34728428
34904799
34912120
34921960
34407342
34310172
34914339
34615636
34818112
34265434
34936739
34593120
34874182
34292305
34767764
34626838
34642494
34215025
34514682
34554208
34726708
33227283
33454291
32919527
32719455
33181832
33989780
34764486
33284551
34289784
34871104
33955240
33809486
34448203
34930981
34875527
33577360
34852352
32955025
33517769
34469268
28975219
29361015
28404617
30081711
27054757
34465658
33127617
26715572
31092511
34603326
21897785
27859495
28818882
32307008
20439629
32159726
22234756
22772622
33037121
29027654
30624194
34309320
34589178
35331447
26978890
32281608
31682335
27399027
31295550
34839295
34494145
31857555
33302147
33231605
34224489
29676329
12055370
31533103
28120000
34309310
15663871
28209679
10919464
35920878
16355511
24274898
23578850
17354344
25027172
34715385
33462050
21220461
19523322
15834985
16714270
18199782
17581939
29040635
26292295
24062373
